source /home/scpsdpdev/dashboard/bin/activate
cd /home/scpsdpdev/dashboard_sdp
python UpdateDataToday.py



LD_LIBRARY_PATH=/usr/lib/oracle/12.1/client64/lib/${LD_LIBRARY_PATH:+:$LD_LIBRARY_PATH}


LD_LIBRARY_PATH=/usr/lib/oracle/18.3/client64/lib/

601,940,100,715,41,950,111,942

SD_230218_0003  4C5k4Ls3
SD_221225_0010   b4nk8BjB
http://192.168.86.208:9003/push?TYPE=0&MESSAGE=TEST masking bank bjb&MOBILENO=628979333388&ORIGIN_ADDR=831221&REG_DELIVERY=1&PASSWORD=4C5k4Ls3&USERNAME=SD_230218_0003


RITM0065229 --> nunggu sampling MSISDN dari CP (komplain delay respond)
RITM0064874 --> ini minta data SDP dari orang audit


{'listatt': [43311, 26646, 17977, 17300, 29370, 59342, 95259, 120292, 167832, 200155, 205283, 213380, 201069, 205289, 212988, 202007, 213654, 226234, 214709, 219249, 125495], 'listsuc': [42089, 26098, 17550, 16893, 28747, 58106, 92901, 116521, 155813, 178606, 189351, 191551, 189219, 183964, 187536, 188806, 195229, 201366, 199467, 197231, 121219], 'listsr': [97.18, 97.94, 97.62, 97.65, 97.88, 97.92, 97.52, 96.87, 92.84, 89.23, 92.24, 89.77, 94.11, 89.61, 88.05, 93.47, 91.38, 89.01, 92.9, 89.96, 96.59], 'listroamsr': [99.4, 99.74, 98.89, 99.25, 90.82, 97.87, 97.62, 99.36, 99.97, 100.0, 99.99, 99.99, 99.98, 99.99, 100.0, 100.0, 99.96, 99.93, 99.8, 99.95, 99.87], 'listnoroamsr': [99.4, 99.74, 98.89, 99.25, 90.82, 97.87, 97.62, 99.36, 99.97, 100.0, 99.99, 99.99, 99.98, 99.99, 100.0, 100.0, 99.96, 99.93, 99.8, 99.95, 99.87], 'list_hour': ['00', '01', '02', '03', '04', '05', '06', '07', '08', '09', 10, 11, 12, 13, 14, 15, 16, 17, 18, 19, 20], 'listbft': [0, 0, 0, 0, 0, 0, 0, 0, 1, 0, 2, 3, 0, 1, 0, 0, 0, 0, 0, 0, 0], 'listerrbft': [5005], 'listtotalbft': [7], 'listatt100': [42714, 26219, 17816, 17101, 29175, 59014, 94819, 118026, 151043, 167546, 180992, 177948, 183564, 171172, 172704, 177111, 185618, 186186, 197781, 187931, 121567], 'sumatt100': 2666047, 'listsuc100': [85197, 55145, 38625, 34497, 57443, 117208, 181138, 231089, 294613, 332183, 354827, 343591, 353380, 327495, 328617, 337990, 359582, 352838, 376764, 356224, 234745], 'sumsuc100': 5153191, 'listatt200': [20, 28, 38, 42, 45, 95, 119, 160, 790, 1845, 1894, 1861, 608, 1675, 2102, 1866, 1275, 647, 225, 237, 124], 'sumatt200': 15696, 'listsuc200': [66, 55, 92, 93, 113, 219, 314, 472, 2069, 3958, 4256, 4142, 1484, 3698, 4854, 3828, 2803, 1311, 801, 608, 359], 'sumsuc200': 35595, 'listatt133': [37, 25, 18, 16, 29, 46, 145, 235, 233, 208, 210, 175, 222, 195, 220, 184, 191, 228, 244, 326, 254], 'sumatt133': 3441, 'listsuc133': [], 'sumsuc133': 0, 'listatt150': [58, 39, 14, 11, 26, 47, 67, 98, 101, 109, 129, 123, 150, 171, 161, 173, 121, 153, 214, 190, 171], 'sumatt150': 2326, 'listsuc150': [8, 3, 5, 5, 3, 1, 2, 2], 'sumsuc150': 29, 'listatt300': [482, 335, 91, 130, 95, 139, 109, 1773, 15663, 30443, 22045, 33268, 16524, 32003, 37786, 22661, 26446, 39016, 16242, 30564, 3379], 'sumatt300': 329194, 'listsuc300': [42, 10, 24, 7, 9, 41, 25, 75, 480, 571, 727, 686, 647, 422, 622, 473, 472, 352, 393, 337, 169], 'sumsuc300': 6584, 'listatt400': [1, 2, 4, 13, 5, 1, 73, 15, 12, 3, 4, 3, 1], 'sumatt400': 137, 'listsuc400': [1, 1, 3, 4, 10, 12, 5, 13, 13, 18, 2, 4, 2, 5, 4], 'sumsuc400': 97, 'roaming_att': [168, 388, 90, 134, 98, 141, 84, 785, 6700, 11992, 9337, 14816, 8284, 14183, 15625, 12520, 11219, 17746, 5470, 13216, 2365], 'roaming_attsum': 145361, 'roaming_suc': [17, 11, 8, 2, 8, 18, 2, 37, 181, 212, 267, 332, 291, 171, 231, 189, 178, 180, 123, 95, 59], 'roaming_sucsum': 2612, 'nonroaming_att': [43143, 26258, 17887, 17166, 29272, 59201, 95175, 119507, 161132, 188163, 195946, 198564, 192785, 191106, 197363, 189487, 202435, 208488, 209239, 206033, 123130], 'nonroaming_attsum': 2871480, 'nonroaming_suc': [24595, 15542, 10939, 10353, 19215, 39549, 62189, 77944, 101201, 112986, 122374, 119064, 120961, 113659, 114913, 116707, 124047, 120735, 128481, 124446, 78649], 'nonroaming_sucsum': 1758549}


<div class="col-lg-6">
    <div class="card">
      <div class="card-body2">
	  
	  
	  cx_Oracle.connect(user="OPS_RECON", password="Ops_r3c0N",dsn="10.64.27.31:1523/SCM",encoding="UTF-8")
	  
	  
	  
tprint("SDP-SCP TOOLS V2.0",font="cybermedum")